54,13
54,12
54,11
54,10
54,4
54,9
54,8
54,7
0,476
0,475
0,474
0,473
0,472
0,471
0,243
0,470
0,469
0,468
0,467
0,466
0,465
0,464
0,463
54,6
54,5
54,0
0,462
0,461
0,460
0,459
0,458
0,457
0,456
0,455
0,454
0,453
0,452
0,451
0,450
0,449
0,448
0,447
0,446
0,445
0,444
0,443
0,442
0,441
0,440
0,439
0,438
0,437
0,436
0,435
0,434
0,433
0,432
0,431
0,430
0,386
54,2
55,52
55,51
55,50
55,49
55,48
55,47
55,46
55,45
55,44
55,43
55,42
55,41
55,40
55,39
55,38
55,37
55,36
55,35
30,5
28,1
28,3
45,1
45,4
46,4
41,1
41,4
43,1
43,4
29,4
30,1
30,3
47,1
47,3
46,1
46,3
25,1
25,3
29,1
29,3
54,1
54,3
10,253
10,243
10,221
10,213
10,11
10,291
10,269
10,21
11,7
